01/01/16   01 16 31 40 47
01/04/16   10 14 15 34 46
01/06/16   14 26 27 34 43
01/08/16   11 27 29 30 34 
01/11/16   07 19 21 24 45 
01/13/16   20 21 25 40 47 
01/15/16   03 10 12 33 36 
01/18/16   15 21 22 25 47 
01/20/16   03 14 15 24 44 
01/22/16   08 10 18 31 47 
01/25/16   06 12 15 18 23 
01/27/16   14 20 27 36 37 
01/29/16   04 09 15 27 36 
02/01/16   02 13 31 33 44 
02/03/16   04 36 38 40 43 
02/05/16   01 18 30 41 42 
02/08/16   02 06 14 25 33 
02/10/16   03 25 27 43 44 
02/12/16   14 22 36 41 45 
02/15/16   03 04 10 21 44 
02/17/16   03 09 16 33 35 
02/19/16   11 12 13 18 30 
02/22/16   21 30 36 44 46 
02/24/16   07 28 38 39 44 
02/26/16   01 12 21 33 43 
02/29/16   05 13 21 22 47 
03/02/16   01 12 26 34 45 
03/04/16   18 19 39 40 47 
03/07/16   15 22 23 37 44 
03/09/16   03 16 18 36 46 
03/11/16   11 13 29 35 39 
03/14/16   07 10 18 42 45 
03/16/16   15 28 35 43 45 
03/18/16   06 12 41 44 45 
03/21/16   15 18 29 30 31 
03/23/16   01 21 25 34 38 
03/25/16   16 34 35 44 47 
03/28/16   07 09 16 34 36 
03/30/16   06 07 14 36 44 
04/01/16   05 12 30 35 45 
04/04/16   11 32 33 38 46 
04/06/16   01 03 05 26 41 
04/08/16   07 16 24 37 38 
04/11/16   18 30 31 32 44 
04/13/16   04 07 10 15 25 
04/15/16   01 07 12 19 20 
04/18/16   04 08 10 28 33 
04/20/16   03 05 08 10 16 
04/22/16   03 06 12 19 25 
04/25/16   32 41 44 46 47 
04/27/16   03 15 22 37 39 
04/29/16   04 23 26 27 47 
05/02/16   11 20 38 44 46 
05/04/16   03 15 20 28 47 
05/06/16   05 09 17 19 27 
05/09/16   14 30 31 38 46 
05/11/16   06 20 32 35 46 
05/13/16   13 18 23 32 38 
05/16/16   08 09 17 28 30 
05/18/16   15 22 39 43 45 
05/20/16   13 17 22 32 34 
05/23/16   09 11 12 19 39 
05/25/16   10 16 19 40 42 
05/27/16   16 27 28 32 43 
05/30/16   21 22 28 30 33 
06/01/16   02 20 31 35 39 
06/03/16   03 13 21 24 43 
06/06/16   04 05 35 37 46 
06/08/16   01 06 15 27 44 
06/10/16   02 08 10 15 33 
06/13/16   21 23 29 41 46 
06/15/16   01 30 37 41 47 
06/17/16   02 12 24 29 31 
06/20/16   03 17 18 25 44 
06/22/16   07 21 36 42 46 
06/24/16   10 25 26 27 29 
06/27/16   11 16 25 27 39 
06/29/16   06 10 11 18 25 
07/01/16   11 15 21 41 45 
07/04/16   03 09 21 35 36 
07/06/16   07 09 12 20 39 
07/08/16   08 30 34 40 46 
07/11/16   10 13 27 29 37 
07/13/16   05 13 19 34 45 
07/15/16   03 06 15 40 44 
07/18/16   01 10 27 33 41 
07/20/16   01 06 13 22 39 
07/22/16   01 04 15 17 44 
07/25/16   06 07 12 22 42 
07/27/16   05 06 10 19 39 
07/29/16   02 06 07 24 43 
08/01/16   01 04 06 26 34 
08/03/16   06 13 21 24 38 
08/05/16   02 05 23 29 43 
08/08/16   08 22 26 31 36 
08/10/16   03 12 18 34 36 
08/12/16   06 33 34 37 38 
08/15/16   10 11 29 30 47 
08/17/16   04 07 30 34 43 
08/19/16   07 11 25 37 46 
08/22/16   07 22 32 43 45 
08/24/16   06 13 17 20 27 
08/26/16   02 03 14 21 47 
08/29/16   04 24 29 31 44 
08/31/16   02 17 27 32 42 
09/02/16   05 15 19 21 46 
09/05/16   11 14 25 33 34 
09/07/16   11 13 28 35 40 
09/09/16   21 29 32 35 44 
09/12/16   07 14 18 29 47 
09/14/16   04 10 21 26 44 
09/16/16   01 17 33 44 46 
09/19/16   12 20 24 34 38 
09/21/16   11 22 32 37 47 
09/23/16   02 05 14 22 46 
09/26/16   12 21 22 36 47 
09/28/16   02 19 30 45 47 
09/30/16   01 10 17 41 44 
10/03/16   13 22 23 38 47 
10/05/16   05 15 33 34 46 
10/07/16   25 35 41 42 47 
10/10/16   19 30 34 40 47 
10/12/16   11 21 24 40 47 
10/14/16   04 07 13 14 33 
10/17/16   02 14 27 33 45 
10/19/16   05 18 25 34 36 
10/21/16   12 15 22 26 47 
10/24/16   07 08 30 39 42 
10/26/16   04 06 07 41 43 
10/28/16   13 18 21 22 38 
10/31/16   08 16 21 26 38 
11/02/16   07 08 23 39 43 
11/04/16   03 15 16 31 40 
11/07/16   01 18 28 34 42 
11/09/16   02 15 20 33 42 
11/11/16   01 23 30 40 46 
11/14/16   01 10 25 31 41 
11/16/16   06 16 22 33 35 
11/18/16   02 08 23 34 46 
11/21/16   05 12 14 15 40 
11/23/16   07 08 10 32 35 
11/25/16   18 21 22 36 44 
11/28/16   05 13 23 34 40 
11/30/16   21 32 33 40 43 
12/02/16   01 03 15 22 35 
12/05/16   01 06 11 19 28 
12/07/16   08 12 19 43 45 
12/09/16   18 27 28 33 47 
12/12/16   23 25 29 43 46 
12/14/16   04 22 31 38 47 
12/16/16   14 22 33 38 42 
12/19/16   06 08 09 28 42 
12/21/16   01 14 25 27 30 
12/23/16   26 35 37 40 43 
12/26/16   18 28 31 34 45 
12/28/16   13 25 27 31 35 
12/30/16   02 08 16 26 41 