01/02/16   05 06 15 29 42 10  X 2 
01/06/16   02 11 47 62 63 17  X 3 
01/09/16   16 19 32 34 57 13  X 3 
01/13/16   04 08 19 27 34 10  X 2 
01/16/16   03 51 52 61 64 06  X 2 
01/20/16   05 39 44 47 69 24  X 5 
01/23/16   22 32 34 40 69 19  X 4 
01/27/16   03 12 40 52 67 21  X 2 
01/30/16   05 12 16 31 43 18  X 4 
02/03/16   26 28 31 60 67 23  X 3 
02/06/16   04 13 31 36 52 08  X 3 
02/10/16   02 03 40 50 62 05  X 2 
02/13/16   07 15 18 19 36 20  X 2 
02/17/16   07 17 27 29 40 25  X 2 
02/20/16   11 12 15 16 54 25  X 5 
02/24/16   21 31 64 65 67 05  X 3 
02/27/16   10 11 21 22 53 18  X 3 
03/02/16   12 13 44 52 62 06  X 2 
03/05/16   03 27 34 59 69 19  X 2 
03/09/16   14 23 32 34 68 03  X 3 
03/12/16   11 28 50 57 62 23  X 2 
03/16/16   10 12 13 46 50 21  X 3 
03/19/16   11 23 43 54 60 03  X 3 
03/23/16   05 08 15 22 49 25  X 3 
03/26/16   11 23 42 52 68 06  X 3 
03/30/16   24 44 53 55 63 19  X 2 
04/02/16   09 28 30 40 61 03  X 2 
04/06/16   04 28 49 60 65 25  X 2 
04/09/16   14 22 23 41 61 09  X 3 
04/13/16   30 33 35 38 64 22  X 3 
04/16/16   03 18 25 32 51 03  X 2 
04/20/16   12 25 30 52 62 08  X 3 
04/23/16   19 35 46 59 62 13  X 5 
04/27/16   02 25 33 39 64 17  X 2 
04/30/16   03 12 16 32 34 14  X 3 
05/04/16   30 47 57 66 69 03  X 3 
05/07/16   05 25 26 44 66 09  X 2 
05/11/16   20 32 52 66 69 23  X 3 
05/14/16   13 27 47 64 65 09  X 3 
05/18/16   23 25 39 54 67 11  X 3 
05/21/16   05 07 09 23 32 26  X 4 
05/25/16   11 24 41 59 64 15  X 3 
05/28/16   06 33 34 58 59 12  X 2 
06/01/16   23 30 33 40 69 12  X 5 
06/04/16   16 20 22 43 64 17  X 2 
06/08/16   12 25 37 60 69 20  X 3 
06/11/16   20 27 36 41 58 07  X 2 
06/15/16   04 22 24 31 33 10  X 2 
06/18/16   02 23 41 53 63 11  X 2 
06/22/16   14 40 42 43 52 17  X 3 
06/25/16   03 27 36 56 69 25  X 2 
06/29/16   23 29 37 60 64 06  X 2 
07/02/16   10 34 39 59 63 04  X 2 
07/06/16   02 24 31 57 66 18  X 3 
07/09/16   10 28 32 61 64 12  X 3 
07/13/16   03 15 29 54 57 10  X 3 
07/16/16   11 17 40 50 62 26  X 2 
07/20/16   06 25 35 58 66 05  X 2 
07/23/16   05 07 23 35 39 11  X 2 
07/27/16   10 47 50 65 68 24  X 2 
07/30/16   11 17 21 23 32 05  X 2 
08/03/16   09 11 27 66 67 02  X 3 
08/06/16   20 33 36 47 52 12  X 3 
08/10/16   23 56 61 64 67 12  X 5 
08/13/16   38 44 60 64 69 06  X 2 
08/17/16   33 44 49 50 52 08  X 3 
08/20/16   03 06 21 60 68 24  X 2 
08/24/16   09 11 25 64 65 16  X 3 
08/27/16   04 32 48 49 63 20  X 2 
08/31/16   05 10 24 56 61 12  X 2 
09/03/16   07 39 50 59 67 25  X 3 
09/07/16   22 23 29 33 55 21  X 2 
09/10/16   03 17 49 55 68 08  X 2 
09/14/16   10 11 23 28 31 14  X 2 
09/17/16   09 19 51 55 62 14  X 4 
09/21/16   01 28 63 67 69 17  X 4 
09/24/16   07 15 20 29 41 22  X 2 
09/28/16   30 38 52 53 62 01  X 3 
10/01/16   02 12 50 61 64 01  X 2 
10/05/16   08 18 27 29 60 15  X 2 
10/08/16   03 54 61 64 68 09  X 2 
10/12/16   16 30 34 37 44 16  X 2 
10/15/16   23 49 57 64 67 20  X 2 
10/19/16   10 16 38 43 63 23  X 2 
10/22/16   01 28 33 55 56 22  X 2 
10/26/16   02 03 16 48 56 24  X 2 
10/29/16   19 20 21 42 48 23  X 3 
11/02/16   13 18 37 54 61 05  X 2 
11/05/16   21 31 50 51 69 08  X 3 
11/09/16   01 25 28 31 54 02  X 2 
11/12/16   08 17 20 27 52 24  X 2 
11/16/16   28 41 61 63 65 07  X 2 
11/19/16   16 24 28 43 61 21  X 2 
11/23/16   07 32 41 47 61 03  X 2 
11/26/16   17 19 21 37 44 16  X 2 
11/30/16   03 14 18 25 45 07  X 2 
12/03/16   08 10 26 27 33 22  X 2 
12/07/16   41 48 49 53 64 20  X 2 
12/10/16   12 21 32 44 66 15  X 2 
12/14/16   18 26 37 39 66 15  X 3 
12/17/16   01 08 16 40 48 10  X 2 
12/21/16   25 33 40 54 68 03  X 5 
12/24/16   28 38 42 51 52 21  X 2 
12/28/16   16 23 30 44 58 04  X 2 
12/31/16   01 03 28 57 67 09  X 2 